P_01:0.1159786624969152
P_02:0.10667274942798614
P_03:0.1305544495333258
P_04:0.1176661261233196
P_05:0.1437604573135562
P_06:0.0555498775000073
P_07:0.13724876296534663
P_08:0.08741946976780186
P_09:0.21481781665743452
P_10:0.0650078444993457
P_11:0.13986838982182095
P_12:0.08049758141462304
P_13:0.12488204827288238
P_14:0.19602772682333056
P_15:0.17487394692719244
P_16:0.09667034839095316
P_17:0.14674519104954062
P_18:0.18935256025371436
P_19:0.13494123751279286
P_20:0.10652342869343774
